0,  3556.075038,  752.079146,  227.243876
1,  3662.879866,  869.441230,  259.800116
2,  3638.837492,  880.665943,  354.987725
3,  3523.001894,  805.412246,  379.657821
4,  3522.646013,  897.815765,  348.371316
5,  3407.633032,  744.148725,  328.099974
6,  3695.843615,  764.512188,  282.467041
7,  3574.525343,  779.641999,  416.409948
8,  3671.612639,  786.012095,  230.351789
9,  3435.856279,  1015.612107,  224.912591
10,  3663.920979,  822.465983,  276.240696
11,  3604.130251,  687.472603,  263.495038
12,  3571.523062,  845.188317,  161.046884
13,  3370.536692,  972.323844,  275.021821
14,  3523.391819,  980.799257,  264.033389
15,  3393.221534,  672.033044,  338.825768
16,  3529.364861,  675.906099,  260.598585
17,  3727.679035,  851.700246,  415.402519
18,  3447.956396,  780.467730,  377.809665
19,  3586.096144,  768.421984,  233.168355
20,  3565.552076,  713.636093,  320.000333
21,  3512.669671,  895.864549,  396.322345
22,  3372.063901,  1012.614834,  237.142109
23,  3582.189107,  748.133380,  293.030805
24,  3470.697590,  784.342776,  466.015317
25,  3679.901766,  889.065755,  358.178564
26,  3451.403327,  828.286946,  208.766677
27,  3639.209504,  862.179684,  348.761232
28,  3400.873650,  852.392470,  359.300264
29,  3687.900128,  991.495432,  281.928864
30,  3554.878800,  816.095313,  271.603642
31,  3619.502839,  786.535754,  282.299658
32,  3419.268350,  915.412790,  316.282259
33,  3573.584551,  820.309014,  248.215078
34,  3696.975590,  845.704304,  328.913388
35,  3506.287059,  855.000958,  266.656794
36,  3472.987434,  701.714798,  310.120444
37,  3635.867863,  930.554945,  342.649643
38,  3660.255520,  784.690353,  334.487148
39,  3382.166058,  832.358290,  266.390033
40,  3511.191562,  879.786920,  357.756881
41,  3568.234760,  719.747733,  250.445148
42,  3574.613876,  741.828708,  364.055326
43,  3503.085579,  889.699964,  326.168623
44,  3562.074632,  956.161903,  421.538052
45,  3602.931290,  716.374158,  303.029040
46,  3562.159421,  784.482561,  349.317745
47,  3496.209740,  1022.386726,  197.014087
48,  3707.843500,  826.977310,  375.338460
49,  3512.177088,  837.467969,  458.548460
50,  3551.888599,  853.905375,  365.350651
51,  3652.431582,  765.498044,  358.746980
52,  3451.828868,  917.964595,  223.450141
53,  3605.901647,  1011.074613,  178.868944
54,  3529.986122,  873.716208,  376.266749
55,  3409.655418,  992.313317,  346.004961
56,  3511.485430,  925.076746,  191.843725
57,  3672.821730,  774.705227,  257.368594
58,  3450.074916,  851.037243,  378.905649
59,  3606.304339,  860.706910,  454.664847
60,  3626.051262,  942.517668,  426.344349
61,  3403.898967,  838.366374,  283.801882
62,  3654.929762,  898.038162,  311.144140
63,  3629.434520,  807.965320,  460.374319
64,  3364.336389,  943.591791,  193.483541
65,  3632.022305,  883.429582,  307.128581
66,  3505.649521,  914.099985,  315.244789
67,  3360.787343,  880.522747,  446.665565
68,  3525.399711,  657.186241,  311.277263
69,  3514.192780,  678.577587,  326.873284
70,  3489.042759,  733.940126,  356.367740
71,  3692.067580,  769.375740,  393.064780
72,  3682.443094,  759.307451,  302.975805
73,  3527.811376,  810.435346,  409.990766
74,  3571.572063,  757.087537,  386.828084
75,  3581.470370,  685.787358,  409.569479
76,  3508.660631,  915.060518,  378.771973
77,  3625.548214,  755.227482,  194.968900
78,  3428.251925,  686.253640,  329.559197
79,  3421.648998,  804.416969,  361.309819
80,  3540.598927,  969.824886,  236.763389
81,  3583.854988,  841.599416,  462.327873
82,  3454.170351,  1012.994905,  314.134321
83,  3525.736826,  924.903852,  307.209347
84,  3569.166815,  917.396087,  338.995615
85,  3624.517755,  789.291917,  365.098217
87,  3671.882240,  813.476888,  347.432992
88,  3486.050375,  954.168375,  362.323256
89,  3457.651351,  628.207356,  313.346265
90,  3583.537858,  937.608435,  290.755327
91,  3743.387716,  793.867107,  323.772580
92,  3527.334866,  916.108539,  272.536136
93,  3706.605828,  830.328015,  396.182683
94,  3609.992211,  745.291595,  227.066641
95,  3476.164512,  772.822212,  464.963145
96,  3641.418034,  781.180063,  196.131081
97,  3650.860540,  894.395040,  342.664401
98,  3689.659508,  737.651106,  315.897193
99,  3502.954954,  776.605857,  259.270047
100,  3439.319512,  819.532179,  202.795893
101,  3664.562631,  837.996003,  197.134838
102,  3645.584999,  795.205201,  345.074551
103,  3631.144349,  804.417327,  288.416990
104,  3532.984595,  847.027930,  268.698185
105,  3413.058911,  997.894680,  226.160372
106,  3518.886341,  962.876433,  182.766575
107,  3659.606433,  907.575189,  296.436310
108,  3605.353035,  864.946635,  360.665000
109,  3504.798179,  701.262858,  214.903849
110,  3723.793050,  1010.534259,  322.512692
111,  3704.907749,  807.177162,  345.422313
112,  3517.671731,  789.070979,  278.662671
113,  3558.021083,  950.993019,  420.355600
114,  3562.809013,  934.315910,  208.377697
115,  3652.137932,  951.899899,  270.106039
116,  3537.665191,  824.011444,  247.139449
117,  3400.853987,  761.502875,  278.646343
118,  3400.550176,  812.372780,  260.696203
119,  3665.414665,  714.685469,  414.049011
120,  3401.055471,  998.158570,  392.822386
121,  3632.167822,  777.690761,  250.384273
122,  3500.209504,  895.168985,  466.933134
123,  3522.366401,  845.842421,  345.701174
124,  3482.120269,  756.578801,  197.970752
125,  3526.840339,  727.704263,  336.075193
126,  3672.871775,  808.902654,  413.817677
127,  3693.647258,  850.284491,  166.409062
128,  3513.580037,  660.413313,  372.921835
129,  3521.037124,  848.252566,  198.375398
130,  3457.675064,  793.873366,  249.277221
131,  3571.329765,  796.377450,  360.175371
132,  3454.565029,  765.434832,  239.094945
133,  3507.274046,  779.126065,  317.888142
134,  3517.310252,  875.497708,  238.714678
135,  3400.563539,  667.530165,  449.434006
136,  3475.878078,  691.668017,  367.740871
137,  3467.711429,  681.611381,  397.281683
138,  3556.804023,  862.563750,  208.743306
139,  3567.568333,  744.541602,  265.329695
140,  3352.522931,  759.738733,  287.898769
141,  3685.470538,  865.129404,  246.766620
142,  3653.358135,  939.913397,  415.726330
143,  3436.034997,  846.327250,  309.591053
144,  3703.096076,  841.042617,  306.006940
145,  3735.738739,  671.480024,  298.674557
146,  3726.163998,  830.406718,  211.860389
147,  3672.759290,  812.877355,  381.270675
148,  3385.551515,  822.146025,  412.173428
149,  3632.537988,  796.785498,  204.763826
150,  3675.569612,  812.408022,  367.613018
151,  3576.320110,  724.197192,  440.171143
152,  3709.631182,  914.738925,  450.216030
153,  3716.237638,  935.310889,  268.158295
154,  3628.432994,  902.209284,  181.669203
155,  3509.377665,  839.048309,  382.617219
156,  3579.908067,  909.743744,  352.727264
157,  3442.601167,  778.143407,  439.866218
158,  3684.144082,  721.482513,  385.305885
159,  3449.593759,  886.141896,  411.870339
160,  3422.843753,  928.770422,  365.377482
161,  3412.536356,  696.822383,  225.156021
162,  3563.469337,  674.075898,  329.338916
163,  3691.445494,  911.649734,  277.891902
164,  3593.794017,  633.746422,  364.406667
165,  3655.275985,  688.101439,  250.594376
166,  3679.022205,  796.283040,  340.578900
167,  3576.035707,  889.159701,  193.914632
168,  3716.142394,  707.136616,  291.441391
169,  3424.017658,  931.614333,  271.077895
170,  3477.889741,  823.360965,  462.193835
171,  3599.040414,  823.113109,  313.982548
172,  3538.901811,  941.771485,  185.319049
173,  3479.192947,  752.672456,  211.251937
174,  3464.281156,  997.318241,  404.644301
175,  3564.430318,  741.730875,  312.778439
176,  3739.497496,  827.103608,  239.585780
177,  3600.490388,  779.923888,  343.001696
178,  3593.040211,  825.685788,  343.662132
179,  3564.237606,  821.686946,  327.890407
180,  3462.443893,  871.538942,  247.594805
181,  3665.144136,  833.872414,  249.206471
182,  3640.118331,  842.562178,  327.060932
183,  3519.727127,  891.110141,  303.598934
184,  3663.780178,  779.493244,  391.739840
185,  3594.062441,  815.435855,  193.725439
186,  3741.742347,  838.822523,  194.663383
187,  3562.421585,  742.006824,  306.920353
188,  3579.665080,  870.142106,  469.918123
189,  3564.658799,  864.803848,  426.121555
190,  3505.964956,  936.501909,  423.984605
191,  3723.914683,  887.254149,  218.411676
192,  3485.965652,  776.938250,  264.389638
193,  3410.844565,  907.267341,  390.343290
194,  3370.103793,  968.116289,  267.832583
195,  3547.464996,  824.283207,  361.448971
196,  3524.178275,  727.579280,  190.308871
197,  3444.719264,  710.128576,  401.531260
198,  3400.699165,  941.967767,  300.991237
199,  3602.508601,  658.479455,  379.918530
